''  [0]
0 0 0 0 0 0
0 0 0 0 0 0
0 0 0 0 0 0
0 0 0 0 0 0
0 0 0 0 0 0 0 0
0 0 0 0 0 0
0 0 0 0 0 0
0 0 0 0 0 0
0 0 0 0 0 0
0 0 0 0 0 0 0 0

':) (Start Of Header)'  [1]
0 0 0 0 0 0
0 0 0 0 0 0
0 0 0 0 0 0
0 0 0 0 0 0
0 0 0 0 0 0 0 0
0 0 0 0 0 0
0 0 0 0 0 0
0 0 0 0 0 0
0 0 0 0 0 0
0 0 0 0 0 0 0 0

':) (Start Of Text)'    [2]
0 0 0 0 0 0
0 0 0 0 0 0
0 0 0 0 0 0
0 0 0 0 0 0
0 0 0 0 0 0 0 0
0 0 0 0 0 0
0 0 0 0 0 0
0 0 0 0 0 0
0 0 0 0 0 0
0 0 0 0 0 0 0 0

'<3 (End Of Text)'  [3]
0 0 0 0 0 0
0 0 0 0 0 0
0 0 0 0 0 0
0 0 0 0 0 0
0 0 0 0 0 0 0 0
0 0 0 0 0 0
0 0 0 0 0 0
0 0 0 0 0 0
0 0 0 0 0 0
0 0 0 0 0 0 0 0

'<> (End Of Trans)' [4]
0 0 0 0 0 0
0 0 0 0 0 0
0 0 0 0 0 0
0 0 0 0 0 0
0 0 0 0 0 0 0 0
0 0 0 0 0 0
0 0 0 0 0 0
0 0 0 0 0 0
0 0 0 0 0 0
0 0 0 0 0 0 0 0

'trevo (Enquiry)'   [5]
0 0 0 0 0 0
0 0 0 0 0 0
0 0 0 0 0 0
0 0 0 0 0 0
0 0 0 0 0 0 0 0
0 0 0 0 0 0
0 0 0 0 0 0
0 0 0 0 0 0
0 0 0 0 0 0
0 0 0 0 0 0 0 0

'spade (Acknowkedgement)'  [6]
0 0 0 0 0 0
0 0 0 0 0 0
0 0 0 0 0 0
0 0 0 0 0 0
0 0 0 0 0 0 0 0
0 0 0 0 0 0
0 0 0 0 0 0
0 0 0 0 0 0
0 0 0 0 0 0
0 0 0 0 0 0 0 0

'bullet point (Bell)'   [7]
0 0 0 0 0 0
0 0 0 0 0 0
0 0 0 0 0 0
0 0 0 0 0 0
0 0 0 0 0 0 0 0
0 0 0 0 0 0
0 0 0 0 0 0
0 0 0 0 0 0
0 0 0 0 0 0
0 0 0 0 0 0 0 0

'shot square (Backspace)'   [8]
0 0 0 0 0 0
0 0 0 0 0 0
0 0 0 0 0 0
0 0 0 0 0 0
0 0 0 0 0 0 0 0
0 0 0 0 0 0
0 0 0 0 0 0
0 0 0 0 0 0
0 0 0 0 0 0
0 0 0 0 0 0 0 0

'hollow circle (tab)'   [9]
0 0 0 0 0 0
0 0 0 0 0 0
0 0 0 0 0 0
0 0 0 0 0 0
0 0 0 0 0 0 0 0
0 0 0 0 0 0
0 0 0 0 0 0
0 0 0 0 0 0
0 0 0 0 0 0
0 0 0 0 0 0 0 0

'square and circle (line feed)'       [10]
0 0 0 0 0 0
0 0 0 0 0 0
0 0 0 0 0 0
0 0 0 0 0 0
0 0 0 0 0 0 0 0
0 0 0 0 0 0
0 0 0 0 0 0
0 0 0 0 0 0
0 0 0 0 0 0
0 0 0 0 0 0 0 0

'male symbol (vertical tab)'       [11]
0 0 0 0 0 0
0 0 0 0 0 0
0 0 0 0 0 0
0 0 0 0 0 0
0 0 0 0 0 0 0 0
0 0 0 0 0 0
0 0 0 0 0 0
0 0 0 0 0 0
0 0 0 0 0 0
0 0 0 0 0 0 0 0

'female symbol (form feed)'       [12]
0 0 0 0 0 0
0 0 0 0 0 0
0 0 0 0 0 0
0 0 0 0 0 0
0 0 0 0 0 0 0 0
0 0 0 0 0 0
0 0 0 0 0 0
0 0 0 0 0 0
0 0 0 0 0 0
0 0 0 0 0 0 0 0

'music note (carriage return)'       [13]
0 0 0 0 0 0
0 0 0 0 0 0
0 0 0 0 0 0
0 0 0 0 0 0
0 0 0 0 0 0 0 0
0 0 0 0 0 0
0 0 0 0 0 0
0 0 0 0 0 0
0 0 0 0 0 0
0 0 0 0 0 0 0 0

'2 music notes (shift out)'       [14]
0 0 0 0 0 0
0 0 0 0 0 0
0 0 0 0 0 0
0 0 0 0 0 0
0 0 0 0 0 0 0 0
0 0 0 0 0 0
0 0 0 0 0 0
0 0 0 0 0 0
0 0 0 0 0 0
0 0 0 0 0 0 0 0

'sol (shift in)'       [15]
0 0 0 0 0 0
0 0 0 0 0 0
0 0 0 0 0 0
0 0 0 0 0 0
0 0 0 0 0 0 0 0
0 0 0 0 0 0
0 0 0 0 0 0
0 0 0 0 0 0
0 0 0 0 0 0
0 0 0 0 0 0 0 0

'right triangle (data link escape)'       [16]
0 0 0 0 0 0
0 0 0 0 0 0
0 0 0 0 0 0
0 0 0 0 0 0
0 0 0 0 0 0 0 0
0 0 0 0 0 0
0 0 0 0 0 0
0 0 0 0 0 0
0 0 0 0 0 0
0 0 0 0 0 0 0 0

'left triangle (device control 1)'       [17]
0 0 0 0 0 0
0 0 0 0 0 0
0 0 0 0 0 0
0 0 0 0 0 0
0 0 0 0 0 0 0 0
0 0 0 0 0 0
0 0 0 0 0 0
0 0 0 0 0 0
0 0 0 0 0 0
0 0 0 0 0 0 0 0

'up-down arrow (device control 2)'       [18]
0 0 0 0 0 0
0 0 0 0 0 0
0 0 0 0 0 0
0 0 0 0 0 0
0 0 0 0 0 0 0 0
0 0 0 0 0 0
0 0 0 0 0 0
0 0 0 0 0 0
0 0 0 0 0 0
0 0 0 0 0 0 0 0

'!! (device control 3)'       [19]
0 0 0 0 0 0
0 0 0 0 0 0
0 0 0 0 0 0
0 0 0 0 0 0
0 0 0 0 0 0 0 0
0 0 0 0 0 0
0 0 0 0 0 0
0 0 0 0 0 0
0 0 0 0 0 0
0 0 0 0 0 0 0 0

'pilcrow (device control 4)'       [20]
0 0 0 0 0 0
0 0 0 0 0 0
0 0 0 0 0 0
0 0 0 0 0 0
0 0 0 0 0 0 0 0
0 0 0 0 0 0
0 0 0 0 0 0
0 0 0 0 0 0
0 0 0 0 0 0
0 0 0 0 0 0 0 0

'section sign (negative acknowledgement)'       [21]
0 0 0 0 0 0
0 0 0 0 0 0
0 0 0 0 0 0
0 0 0 0 0 0
0 0 0 0 0 0 0 0
0 0 0 0 0 0
0 0 0 0 0 0
0 0 0 0 0 0
0 0 0 0 0 0
0 0 0 0 0 0 0 0

'-- (synchronous idle)'       [22]
0 0 0 0 0 0
0 0 0 0 0 0
0 0 0 0 0 0
0 0 0 0 0 0
1 1 1 1 1 1 0 0
0 0 0 0 0 0
0 0 0 0 0 0
0 0 0 0 0 0
0 0 0 0 0 0
0 0 0 0 0 0 0 0

'up-down arrow+bar (end of trans block)'       [23]
0 0 0 0 0 0
0 0 0 0 0 0
0 0 0 0 0 0
0 0 0 0 0 0
0 0 0 0 0 0 0 0
0 0 0 0 0 0
0 0 0 0 0 0
0 0 0 0 0 0
0 0 0 0 0 0
0 0 0 0 0 0 0 0

'up arrow  (cancel)'       [24]
0 0 0 0 0 0
0 0 0 0 0 0
0 0 0 0 0 0
0 0 0 0 0 0
0 0 0 0 0 0 0 0
0 0 0 0 0 0
0 0 0 0 0 0
0 0 0 0 0 0
0 0 0 0 0 0
0 0 0 0 0 0 0 0

'down arrow (end of medium)'       [25]
0 0 0 0 0 0
0 0 0 0 0 0
0 0 0 0 0 0
0 0 0 0 0 0
0 0 0 0 0 0 0 0
0 0 0 0 0 0
0 0 0 0 0 0
0 0 0 0 0 0
0 0 0 0 0 0
0 0 0 0 0 0 0 0

'right arrow  (substitute)'       [26]
0 0 0 0 0 0
0 0 0 0 0 0
0 0 0 0 0 0
0 0 0 0 0 0
0 0 0 0 0 0 0 0
0 0 0 0 0 0
0 0 0 0 0 0
0 0 0 0 0 0
0 0 0 0 0 0
0 0 0 0 0 0 0 0

'left arrow (escape)'       [27]
0 0 0 0 0 0
0 0 0 0 0 0
0 0 0 0 0 0
0 0 0 0 0 0
0 0 0 0 0 0 0 0
0 0 0 0 0 0
0 0 0 0 0 0
0 0 0 0 0 0
0 0 0 0 0 0
0 0 0 0 0 0 0 0

'L (file separator)'       [28]
0 0 0 0 0 0
0 0 0 0 0 0
0 0 0 0 0 0
0 0 0 0 0 0
0 0 0 0 0 0 0 0
0 0 0 0 0 0
0 0 0 0 0 0
0 0 0 0 0 0
0 0 0 0 0 0
0 0 0 0 0 0 0 0

'left-right arrow (group separator)'       [29]
0 0 0 0 0 0
0 0 0 0 0 0
0 0 0 0 0 0
0 0 0 0 0 0
0 0 0 0 0 0 0 0
0 0 0 0 0 0
0 0 0 0 0 0
0 0 0 0 0 0
0 0 0 0 0 0
0 0 0 0 0 0 0 0

'up triangle (record separator)' [30]
0 0 0 0 0 0
0 0 0 0 0 0
0 0 0 0 0 0
0 0 0 0 0 0
0 0 0 0 0 0 0 0
0 0 0 0 0 0
0 0 0 0 0 0
0 0 0 0 0 0
0 0 0 0 0 0
0 0 0 0 0 0 0 0

'down triangle (unit separator)'       [31]
0 0 0 0 0 0
0 0 0 0 0 0
0 0 0 0 0 0
0 0 0 0 0 0
0 0 0 0 0 0 0 0
0 0 0 0 0 0
0 0 0 0 0 0
0 0 0 0 0 0
0 0 0 0 0 0
0 0 0 0 0 0 0 0

' ' [32]
0 0 0 0 0 0
0 0 0 0 0 0
0 0 0 0 0 0
0 0 0 0 0 0
0 0 0 0 0 0 0 0
0 0 0 0 0 0
0 0 0 0 0 0
0 0 0 0 0 0
0 0 0 0 0 0
0 0 0 0 0 0 0 0

'!' [33]
0 0 1 0 0 0
0 0 1 0 0 0
0 0 1 0 0 0
0 0 1 0 0 0
0 0 1 0 0 0 0 0
0 0 1 0 0 0
0 0 0 0 0 0
0 0 1 0 0 0
0 0 1 0 0 0
0 0 0 0 0 0 0 0

'"' [34]
0 1 0 0 1 0
1 0 0 1 0 0
1 1 0 1 1 0
1 1 0 1 1 0
0 0 0 0 0 0 0 0
0 0 0 0 0 0
0 0 0 0 0 0
0 0 0 0 0 0
0 0 0 0 0 0
0 0 0 0 0 0 0 0

'#' [35]
0 0 0 0 0 0
0 1 0 1 0 0
0 1 0 1 0 0
1 1 1 1 1 0
0 1 0 1 0 0 0 0
0 1 0 1 0 0
1 1 1 1 1 0
0 1 0 1 0 0
0 1 0 1 0 0
0 0 0 0 0 0 0 0

'$' [36]
0 1 1 1 0 0
0 1 0 0 1 0
0 1 0 0 1 0
0 1 1 1 0 0
0 1 0 0 0 0 0 0
1 1 1 1 1 0
0 1 0 0 0 0
1 1 1 1 1 0
0 1 0 0 0 0
0 0 0 0 0 0 0 0

'%' [37]
0 1 0 0 1 0
1 0 1 0 1 0
0 1 0 1 0 0
0 0 1 1 0 0
0 0 1 0 0 0 0 0
0 0 1 0 0 0
0 1 0 1 0 0
0 1 1 0 1 0
1 0 0 1 0 0
1 0 0 0 0 0 0 0

'&' [38]
0 0 1 0 0 0
0 1 0 1 0 0
0 1 0 1 0 0
0 0 1 0 0 0
0 0 1 0 1 0 0 0
0 1 0 1 0 0
1 0 0 1 0 0
1 0 0 1 0 0
0 1 1 0 1 0
0 0 0 0 0 0 0 0

''' [39]
1 1 0 0 0 0
1 1 0 0 0 0
0 1 0 0 0 0
1 0 0 0 0 0
0 0 0 0 0 0 0 0
0 0 0 0 0 0
0 0 0 0 0 0
0 0 0 0 0 0
0 0 0 0 0 0
0 0 0 0 0 0 0 0

'(' [40]
0 0 0 0 1 0
0 0 0 1 0 0
0 0 0 1 0 0
0 0 0 1 0 0
0 0 0 1 0 0 0 0
0 0 0 1 0 0
0 0 0 1 0 0
0 0 0 1 0 0
0 0 0 0 1 0
0 0 0 0 0 0 0 0

')' [41]
1 0 0 0 0 0
0 1 0 0 0 0
0 1 0 0 0 0
0 1 0 0 0 0
0 1 0 0 0 0 0 0
0 1 0 0 0 0
0 1 0 0 0 0
0 1 0 0 0 0
1 0 0 0 0 0
0 0 0 0 0 0 0 0

'*' [42]
0 0 1 0 0 0
1 0 1 0 1 0
0 1 1 1 0 0
1 1 1 1 1 0
0 1 1 1 0 0 0 0
1 0 1 0 1 0
0 0 1 0 0 0
0 0 0 0 0 0
0 0 0 0 0 0
0 0 0 0 0 0 0 0

'+' [43]
0 0 0 0 0 0
0 0 0 0 0 0
0 0 1 0 0 0
0 0 1 0 0 0
1 1 1 1 1 0 0 0
0 0 1 0 0 0
0 0 1 0 0 0
0 0 0 0 0 0
0 0 0 0 0 0
0 0 0 0 0 0 0 0

',' [44]
0 0 0 0 0 0
0 0 0 0 0 0
0 0 0 0 0 0
0 0 0 0 0 0
0 0 0 0 0 0 0 0
1 1 0 0 0 0
1 1 0 0 0 0
0 1 0 0 0 0
1 0 0 0 0 0
0 0 0 0 0 0 0 0

'-' [45]
0 0 0 0 0 0
0 0 0 0 0 0
0 0 0 0 0 0
0 0 0 0 0 0
1 1 1 1 1 0 0 0
0 0 0 0 0 0
0 0 0 0 0 0
0 0 0 0 0 0
0 0 0 0 0 0
0 0 0 0 0 0 0 0

'.' [46]
0 0 0 0 0 0
0 0 0 0 0 0
0 0 0 0 0 0
0 0 0 0 0 0
0 0 0 0 0 0 0 0
0 0 0 0 0 0
0 0 0 0 0 0
1 1 0 0 0 0
1 1 0 0 0 0
0 0 0 0 0 0 0 0

'/' [47]
0 0 0 0 1 0
0 0 0 0 1 0
0 0 0 1 0 0
0 0 0 1 0 0
0 0 1 0 0 0 0 0
0 0 1 0 0 0
0 1 0 0 0 0
0 1 0 0 0 0
1 0 0 0 0 0
1 0 0 0 0 0 0 0

'0' [48]
0 1 1 1 0 0
1 0 0 0 1 0
1 0 0 0 1 0
1 0 0 0 1 0
1 0 0 0 1 0 0 0
1 0 0 0 1 0
1 0 0 0 1 0
1 0 0 0 1 0
0 1 1 1 0 0
0 0 0 0 0 0 0 0

'1' [49]
0 0 1 0 0 0 
0 1 1 0 0 0 
0 0 1 0 0 0 
0 0 1 0 0 0 
0 0 1 0 0 0 0 0
0 0 1 0 0 0 
0 0 1 0 0 0 
0 0 1 0 0 0 
0 1 1 1 0 0 
0 0 0 0 0 0 0 0

'2' [50]
0 1 1 1 0 0
1 0 0 0 1 0
1 0 0 0 1 0
0 0 0 0 1 0
0 0 0 1 0 0 0 0
0 0 1 0 0 0
0 1 0 0 0 0
1 0 0 0 0 0
1 1 1 1 1 0
0 0 0 0 0 0 0 0

'3' [51]
0 1 1 1 0 0
1 0 0 0 1 0
0 0 0 0 1 0
0 0 0 0 1 0
0 0 1 1 0 0 0 0
0 0 0 0 1 0
0 0 0 0 1 0
1 0 0 0 1 0
0 1 1 1 0 0
0 0 0 0 0 0 0 0

'4' [52]
0 0 1 1 0 0
0 1 0 1 0 0
0 1 0 1 0 0
1 0 0 1 0 0
1 0 0 1 0 0 0 0
1 0 0 1 0 0
1 1 1 1 1 0
0 0 0 1 0 0
0 0 0 1 0 0
0 0 0 0 0 0 0 0

'5' [53]
1 1 1 1 1 0
1 0 0 0 0 0
1 0 0 0 0 0
1 0 0 0 0 0
1 1 1 1 0 0 0 0
0 0 0 0 1 0
0 0 0 0 1 0
1 0 0 0 1 0
0 1 1 1 0 0
0 0 0 0 0 0 0 0

'6' [54]
0 1 1 1 0 0
1 0 0 0 1 0
1 0 0 0 0 0
1 0 0 0 0 0
1 1 1 1 0 0 0 0
1 0 0 0 1 0
1 0 0 0 1 0
1 0 0 0 1 0
0 1 1 1 0 0
0 0 0 0 0 0 0 0

'7' [55]
1 1 1 1 1 0
0 0 0 0 1 0
0 0 0 0 1 0
0 0 0 0 1 0
0 0 0 1 0 0 0 0
0 0 0 1 0 0
0 0 1 0 0 0
0 0 1 0 0 0
0 0 1 0 0 0
0 0 0 0 0 0 0 0

'8' [56]
0 1 1 1 0 0
1 0 0 0 1 0
1 0 0 0 1 0
1 0 0 0 1 0
0 1 1 1 0 0 0 0
1 0 0 0 1 0
1 0 0 0 1 0
1 0 0 0 1 0
0 1 1 1 0 0
0 0 0 0 0 0 0 0

'9' [57]
0 1 1 1 0 0
1 0 0 0 1 0
1 0 0 0 1 0
1 0 0 0 1 0
0 1 1 1 1 0 0 0
0 0 0 0 1 0
0 0 0 0 1 0
1 0 0 0 1 0
0 1 1 1 0 0
0 0 0 0 0 0 0 0

':' [58]
0 0 0 0 0 0
0 0 0 0 0 0
1 1 0 0 0 0
1 1 0 0 0 0
0 0 0 0 0 0 0 0
0 0 0 0 0 0
0 0 0 0 0 0
1 1 0 0 0 0
1 1 0 0 0 0
0 0 0 0 0 0 0 0

';' [59]
0 0 0 0 0 0
1 1 0 0 0 0
1 1 0 0 0 0
0 0 0 0 0 0
0 0 0 0 0 0 0 0
0 0 0 0 0 0
1 1 0 0 0 0
1 1 0 0 0 0
0 1 0 0 0 0
1 0 0 0 0 0 0 0

'<' [60]
0 0 0 0 0 0
0 0 0 1 0 0
0 0 1 0 0 0
0 1 0 0 0 0
1 0 0 0 0 0 0 0
1 0 0 0 0 0
0 1 0 0 0 0
0 0 1 0 0 0
0 0 0 1 0 0
0 0 0 0 0 0 0 0

'=' [61]
0 0 0 0 0 0
0 0 0 0 0 0
0 0 0 0 0 0
1 1 1 1 1 0
0 0 0 0 0 0 0 0
0 0 0 0 0 0
1 1 1 1 1 0
0 0 0 0 0 0
0 0 0 0 0 0
0 0 0 0 0 0 0 0

'>' [62]
0 0 0 0 0 0
0 1 0 0 0 0
0 0 1 0 0 0
0 0 0 1 0 0
0 0 0 0 1 0 0 0
0 0 0 0 1 0
0 0 0 1 0 0
0 0 1 0 0 0
0 1 0 0 0 0
0 0 0 0 0 0 0 0

'?' [63]
0 1 1 1 0 0
1 0 0 0 1 0
1 0 0 0 1 0
0 0 0 0 1 0
0 0 1 1 0 0 0 0
0 0 1 0 0 0
0 0 0 0 0 0
0 0 1 0 0 0
0 0 1 0 0 0
0 0 0 0 0 0 0 0

'@' [64]
0 0 0 0 0 0
0 1 1 1 1 0
1 0 0 0 1 0
1 0 0 1 1 0
1 0 1 0 1 0 0 0
1 0 1 0 1 0
1 0 0 1 1 0
1 0 0 0 0 0
0 1 1 1 1 0
0 0 0 0 0 0 0 0

'A' [65]
0 0 0 0 0 0
0 1 1 1 0 0
1 0 0 0 1 0
1 0 0 0 1 0
1 0 0 0 1 0 0 0
1 1 1 1 1 0
1 0 0 0 1 0
1 0 0 0 1 0
1 0 0 0 1 0
0 0 0 0 0 0 0 0

'B' [66]
0 0 0 0 0 0
1 1 1 1 0 0
1 0 0 0 1 0
1 0 0 0 1 0
1 1 1 1 0 0 0 0
1 0 0 0 1 0
1 0 0 0 1 0
1 0 0 0 1 0
1 1 1 1 0 0
0 0 0 0 0 0 0 0

'C' [67]
0 0 0 0 0 0
0 1 1 1 0 0
1 0 0 0 1 0
1 0 0 0 0 0
1 0 0 0 0 0 0 0
1 0 0 0 0 0
1 0 0 0 0 0
1 0 0 0 1 0
0 1 1 1 0 0
0 0 0 0 0 0 0 0

'D' [68]
0 0 0 0 0 0
1 1 1 1 0 0
1 0 0 0 1 0
1 0 0 0 1 0
1 0 0 0 1 0 0 0
1 0 0 0 1 0
1 0 0 0 1 0
1 0 0 0 1 0
1 1 1 1 0 0
0 0 0 0 0 0 0 0

'E' [69]
0 0 0 0 0 0
1 1 1 1 1 0
1 0 0 0 0 0
1 0 0 0 0 0
1 1 1 1 0 0 0 0
1 0 0 0 0 0
1 0 0 0 0 0
1 0 0 0 0 0
1 1 1 1 1 0
0 0 0 0 0 0 0 0

'F' [70]
0 0 0 0 0 0
1 1 1 1 1 0
1 0 0 0 0 0
1 0 0 0 0 0
1 1 1 1 0 0 0 0
1 0 0 0 0 0
1 0 0 0 0 0
1 0 0 0 0 0
1 0 0 0 0 0
0 0 0 0 0 0 0 0

'G' [71]
0 0 0 0 0 0
0 1 1 1 0 0
1 0 0 0 1 0
1 0 0 0 1 0
1 0 0 0 0 0 0 0
1 0 0 1 1 0
1 0 0 0 1 0
1 0 0 0 1 0
0 1 1 1 0 0
0 0 0 0 0 0 0 0

'H' [72]
0 0 0 0 0 0
1 0 0 0 1 0
1 0 0 0 1 0
1 0 0 0 1 0
1 1 1 1 1 0 0 0
1 0 0 0 1 0
1 0 0 0 1 0
1 0 0 0 1 0
1 0 0 0 1 0
0 0 0 0 0 0 0 0

'I' [73]
0 0 0 0 0 0
1 1 1 1 1 0
0 0 1 0 0 0
0 0 1 0 0 0
0 0 1 0 0 0 0 0
0 0 1 0 0 0
0 0 1 0 0 0
0 0 1 0 0 0
1 1 1 1 1 0
0 0 0 0 0 0 0 0

'J' [74]
0 0 0 0 0 0
0 0 0 0 1 0
0 0 0 0 1 0
0 0 0 0 1 0
0 0 0 0 1 0 0 0
0 0 0 0 1 0
0 0 0 0 1 0
1 0 0 0 1 0
0 1 1 1 0 0
0 0 0 0 0 0 0 0

'K' [75]
0 0 0 0 0 0
1 0 0 0 1 0
1 0 0 1 0 0
1 0 1 0 0 0
1 1 0 0 0 0 0 0
1 1 0 0 0 0
1 0 1 0 0 0
1 0 0 1 0 0
1 0 0 0 1 0
0 0 0 0 0 0 0 0

'L' [76]
0 0 0 0 0 0
1 0 0 0 0 0
1 0 0 0 0 0
1 0 0 0 0 0
1 0 0 0 0 0 0 0
1 0 0 0 0 0
1 0 0 0 0 0
1 0 0 0 0 0
1 1 1 1 1 0
0 0 0 0 0 0 0 0

'M' [77]
0 0 0 0 0 0
1 0 0 0 1 0
1 1 0 1 1 0
1 1 0 1 1 0
1 0 1 0 1 0 0 0
1 0 1 0 1 0
1 0 0 0 1 0
1 0 0 0 1 0
1 0 0 0 1 0
0 0 0 0 0 0 0 0

'N' [78]
0 0 0 0 0 0
1 0 0 0 1 0
1 1 0 0 1 0
1 1 0 0 1 0
1 0 1 0 1 0 0 0
1 0 0 1 1 0
1 0 0 1 1 0
1 0 0 0 1 0
1 0 0 0 1 0
0 0 0 0 0 0 0 0

'O' [79]
0 0 0 0 0 0
0 1 1 1 0 0
1 0 0 0 1 0
1 0 0 0 1 0
1 0 0 0 1 0 0 0
1 0 0 0 1 0
1 0 0 0 1 0
1 0 0 0 1 0
0 1 1 1 0 0
0 0 0 0 0 0 0 0

'P' [80]
0 0 0 0 0 0
1 1 1 1 0 0
1 0 0 0 1 0
1 0 0 0 1 0
1 0 0 0 1 0 0 0
1 1 1 1 0 0
1 0 0 0 0 0
1 0 0 0 0 0
1 0 0 0 0 0
0 0 0 0 0 0 0 0

'Q' [81]
0 0 0 0 0 0
0 1 1 1 0 0
1 0 0 0 1 0
1 0 0 0 1 0
1 0 0 0 1 0 0 0
1 0 0 0 1 0
1 1 1 0 1 0
1 0 0 1 1 0
0 1 1 1 0 1
0 0 0 0 0 0 0 0

'R' [82]
0 0 0 0 0 0
1 1 1 1 0 0
1 0 0 0 1 0
1 0 0 0 1 0
1 0 0 0 1 0 0 0
1 1 1 1 0 0
1 0 0 1 0 0
1 0 0 0 1 0
1 0 0 0 1 0
0 0 0 0 0 0 0 0

'S' [83]
0 0 0 0 0 0
0 1 1 1 0 0
1 0 0 0 1 0
1 0 0 0 0 0
0 1 1 0 0 0 0 0
0 0 0 1 0 0
0 0 0 0 1 0
1 0 0 0 1 0
0 1 1 1 0 0
0 0 0 0 0 0 0 0

'T' [84]
0 0 0 0 0 0
1 1 1 1 1 0
0 0 1 0 0 0
0 0 1 0 0 0
0 0 1 0 0 0 0 0
0 0 1 0 0 0
0 0 1 0 0 0
0 0 1 0 0 0
0 0 1 0 0 0
0 0 0 0 0 0 0 0

'U' [85]
0 0 0 0 0 0
1 0 0 0 1 0
1 0 0 0 1 0
1 0 0 0 1 0
1 0 0 0 1 0 0 0
1 0 0 0 1 0
1 0 0 0 1 0
1 0 0 0 1 0
0 1 1 1 0 0
0 0 0 0 0 0 0 0

'V' [86]
0 0 0 0 0 0
1 0 0 0 1 0
1 0 0 0 1 0
1 0 0 0 1 0
1 0 0 0 1 0 0 0
0 1 0 1 0 0
0 1 0 1 0 0
0 0 1 0 0 0
0 0 1 0 0 0
0 0 0 0 0 0 0 0

'W' [87]
0 0 0 0 0 0
1 0 0 0 1 0
1 0 0 0 1 0
1 0 1 0 1 0
1 0 1 0 1 0 0 0
1 0 1 0 1 0
1 1 0 1 1 0 
1 1 0 1 1 0
1 0 0 0 1 0
0 0 0 0 0 0 0 0

'X' [88]
0 0 0 0 0 0
1 0 0 0 1 0
1 0 0 0 1 0
0 1 0 1 0 0
0 0 1 0 0 0 0 0
0 0 1 0 0 0
0 1 0 1 0 0
1 0 0 0 1 0
1 0 0 0 1 0
0 0 0 0 0 0 0 0

'Y' [89]
0 0 0 0 0 0
1 0 0 0 1 0
1 0 0 0 1 0
0 1 0 1 0 0
0 1 0 1 0 0 0 0
0 0 1 0 0 0
0 0 1 0 0 0
0 0 1 0 0 0
0 0 1 0 0 0
0 0 0 0 0 0 0 0

'Z' [90]
0 0 0 0 0 0
1 1 1 1 1 0
0 0 0 0 1 0
0 0 0 1 0 0
0 0 1 0 0 0 0 0
0 0 1 0 0 0
0 1 0 0 0 0
1 0 0 0 0 0
1 1 1 1 1 0
0 0 0 0 0 0 0 0

'[' [91]
0 0 0 1 1 0
0 0 0 1 0 0
0 0 0 1 0 0
0 0 0 1 0 0
0 0 0 1 0 0 0 0
0 0 0 1 0 0
0 0 0 1 0 0
0 0 0 1 0 0
0 0 0 1 1 0
0 0 0 0 0 0 0 0

'\' [92]
1 0 0 0 0 0
1 0 0 0 0 0
0 1 0 0 0 0
0 1 0 0 0 0
0 0 1 0 0 0 0 0
0 0 1 0 0 0
0 0 0 1 0 0
0 0 0 1 0 0
0 0 0 0 1 0
0 0 0 0 1 0 0 0

']' [93]
1 1 0 0 0 0
0 1 0 0 0 0
0 1 0 0 0 0
0 1 0 0 0 0
0 1 0 0 0 0 0 0
0 1 0 0 0 0
0 1 0 0 0 0
0 1 0 0 0 0
1 1 0 0 0 0
0 0 0 0 0 0 0 0

'^' [94]
0 0 1 0 0 0
0 1 0 1 0 0
1 0 0 0 1 0
0 0 0 0 0 0
0 0 0 0 0 0 0 0
0 0 0 0 0 0
0 0 0 0 0 0
0 0 0 0 0 0
0 0 0 0 0 0
0 0 0 0 0 0 0 0

'_' [95]
0 0 0 0 0 0
0 0 0 0 0 0
0 0 0 0 0 0
0 0 0 0 0 0
0 0 0 0 0 0 0 0
0 0 0 0 0 0
0 0 0 0 0 0
0 0 0 0 0 0
0 0 0 0 0 0
1 1 1 1 1 0 0 0

'`' [96]
0 0 1 0 0 0
0 0 1 0 0 0
0 0 0 1 0 0
0 0 0 1 0 0
0 0 0 0 0 0 0 0
0 0 0 0 0 0
0 0 0 0 0 0
0 0 0 0 0 0
0 0 0 0 0 0
0 0 0 0 0 0 0 0

'a' [97]
0 0 0 0 0 0
0 0 0 0 0 0
0 0 0 0 0 0
0 0 0 0 0 0
0 1 1 1 1 0 0 0
1 0 0 0 1 0
1 0 0 0 1 0
1 0 0 1 1 0
0 1 1 0 1 0
0 0 0 0 0 0 0 0

'b' [98]
0 0 0 0 0 0
1 0 0 0 0 0
1 0 0 0 0 0
1 0 0 0 0 0
1 1 1 1 0 0 0 0
1 0 0 0 1 0
1 0 0 0 1 0
1 0 0 0 1 0
1 1 1 1 0 0
0 0 0 0 0 0 0 0

'c' [99]
0 0 0 0 0 0
0 0 0 0 0 0
0 0 0 0 0 0
0 0 0 0 0 0
0 1 1 1 0 0 0 0
1 0 0 0 1 0
1 0 0 0 0 0
1 0 0 0 1 0
0 1 1 1 0 0
0 0 0 0 0 0 0 0

'd' [100]
0 0 0 0 0 0
0 0 0 0 1 0
0 0 0 0 1 0
0 0 0 0 1 0
0 1 1 1 1 0 0 0
1 0 0 0 1 0
1 0 0 0 1 0
1 0 0 0 1 0
0 1 1 1 1 0
0 0 0 0 0 0 0 0

'e' [101]
0 0 0 0 0 0
0 0 0 0 0 0
0 0 0 0 0 0
0 0 0 0 0 0
0 1 1 1 0 0 0 0
1 0 0 0 1 0
1 1 1 1 1 0
1 0 0 0 0 0
0 1 1 1 1 0
0 0 0 0 0 0 0 0

'f' [102]
0 0 0 0 0 0
0 0 0 1 1 0
0 0 1 0 0 0
0 0 1 0 0 0
0 1 1 1 1 0 0 0
0 0 1 0 0 0
0 0 1 0 0 0
0 0 1 0 0 0
0 0 1 0 0 0
0 0 0 0 0 0 0 0

'g' [103]
0 0 0 0 0 0
0 0 0 0 0 0
0 0 0 0 0 0
0 0 0 0 0 0
0 1 1 1 0 0 0 0
1 0 0 0 1 0
1 0 0 0 1 0
0 1 1 1 1 0
0 0 0 0 1 0
0 1 1 1 0 0 0 0

'h' [104]
0 0 0 0 0 0
1 0 0 0 0 0
1 0 0 0 0 0
1 0 0 0 0 0
1 1 1 1 0 0 0 0
1 0 0 0 1 0
1 0 0 0 1 0
1 0 0 0 1 0
1 0 0 0 1 0
0 0 0 0 0 0 0 0

'i' [105]
0 0 0 0 0 0
0 0 1 0 0 0
0 0 0 0 0 0
0 0 0 0 0 0
0 1 1 0 0 0 0 0
0 0 1 0 0 0
0 0 1 0 0 0
0 0 1 0 0 0
0 1 1 1 0 0
0 0 0 0 0 0 0 0

'j' [106]
0 0 0 0 0 0
0 0 0 1 0 0
0 0 0 0 0 0
0 0 0 0 0 0
0 0 0 1 0 0 0 0
0 0 0 1 0 0
0 0 0 1 0 0
1 0 0 1 0 0
1 0 0 1 0 0
0 1 1 0 0 0 0 0

'k' [107]
0 0 0 0 0 0
1 0 0 0 0 0
1 0 0 0 0 0
1 0 0 0 0 0
1 0 0 1 0 0 0 0
1 0 1 0 0 0
1 1 0 0 0 0
1 0 1 0 0 0
1 0 0 1 0 0
0 0 0 0 0 0 0 0

'l' [108]
0 0 0 0 0 0
0 1 1 0 0 0
0 0 1 0 0 0
0 0 1 0 0 0
0 0 1 0 0 0 0 0
0 0 1 0 0 0
0 0 1 0 0 0
0 0 1 0 0 0
0 0 1 0 0 0
0 0 0 0 0 0 0 0

'm' [109]
0 0 0 0 0 0
0 0 0 0 0 0
0 0 0 0 0 0
0 0 0 0 0 0
1 1 1 1 0 0 0 0
1 0 1 0 1 0
1 0 1 0 1 0
1 0 1 0 1 0
1 0 1 0 1 0
0 0 0 0 0 0 0 0

'n' [110]
0 0 0 0 0 0
0 0 0 0 0 0
0 0 0 0 0 0
0 0 0 0 0 0
1 1 1 0 0 0 0 0
1 0 0 1 0 0
1 0 0 1 0 0
1 0 0 1 0 0
1 0 0 1 0 0
0 0 0 0 0 0 0 0

'o' [111]
0 0 0 0 0 0
0 0 0 0 0 0
0 0 0 0 0 0
0 0 0 0 0 0
0 1 1 1 0 0 0 0
1 0 0 0 1 0
1 0 0 0 1 0
1 0 0 0 1 0
0 1 1 1 0 0
0 0 0 0 0 0 0 0

'p' [112]
0 0 0 0 0 0
0 0 0 0 0 0
0 0 0 0 0 0
0 0 0 0 0 0
1 1 1 1 0 0 0 0
1 0 0 0 1 0
1 0 0 0 1 0
1 1 1 1 0 0
1 0 0 0 0 0
1 0 0 0 0 0 0 0

'q' [113]
0 0 0 0 0 0
0 0 0 0 0 0
0 0 0 0 0 0
0 0 0 0 0 0
0 1 1 1 1 0 0 0
1 0 0 0 1 0
1 0 0 0 1 0
0 1 1 1 1 0
0 0 0 0 1 0
0 0 0 0 1 0 0 0

'r' [114]
0 0 0 0 0 0
0 0 0 0 0 0
0 0 0 0 0 0
0 0 0 0 0 0
1 0 1 1 0 0 0 0
1 1 0 0 0 0
1 0 0 0 0 0
1 0 0 0 0 0
1 0 0 0 0 0
0 0 0 0 0 0 0 0

's' [115]
0 0 0 0 0 0
0 0 0 0 0 0
0 0 0 0 0 0
0 0 0 0 0 0
1 1 1 1 0 0 0 0
1 0 0 0 0 0
0 1 1 0 0 0
0 0 0 1 0 0
1 1 1 1 0 0
0 0 0 0 0 0 0 0

't' [116]
0 0 0 0 0 0
0 0 0 0 0 0
0 1 0 0 0 0
0 1 0 0 0 0
1 1 1 1 0 0 0 0
0 1 0 0 0 0
0 1 0 0 0 0
0 1 0 0 0 0
0 1 1 1 0 0
0 0 0 0 0 0 0 0

'u' [117]
0 0 0 0 0 0
0 0 0 0 0 0
0 0 0 0 0 0
0 0 0 0 0 0
1 0 0 1 0 0 0 0
1 0 0 1 0 0
1 0 0 1 0 0
1 0 0 1 0 0
0 1 1 0 1 0
0 0 0 0 0 0 0 0

'v' [118]
0 0 0 0 0 0
0 0 0 0 0 0
0 0 0 0 0 0
0 0 0 0 0 0
1 0 0 0 1 0 0 0
1 0 0 0 1 0
0 1 0 1 0 0
0 1 0 1 0 0
0 0 1 0 0 0
0 0 0 0 0 0 0 0

'w' [119]
0 0 0 0 0 0
0 0 0 0 0 0
0 0 0 0 0 0
0 0 0 0 0 0
1 0 1 0 1 0 0 0
1 0 1 0 1 0
1 0 1 0 1 0
1 0 1 0 1 0
0 1 0 1 0 0
0 0 0 0 0 0 0 0

'x' [120]
0 0 0 0 0 0
0 0 0 0 0 0
0 0 0 0 0 0
0 0 0 0 0 0
1 0 0 0 1 0 0 0
0 1 0 1 0 0
0 0 1 0 0 0
0 1 0 1 0 0
1 0 0 0 1 0
0 0 0 0 0 0 0 0

'y' [121]
0 0 0 0 0 0
0 0 0 0 0 0
0 0 0 0 0 0
0 0 0 0 0 0
1 0 0 0 1 0 0 0
1 0 0 0 1 0
1 0 0 0 1 0
0 1 1 1 1 0
0 0 0 0 1 0
1 1 1 1 0 0 0 0

'z' [122]
0 0 0 0 0 0
0 0 0 0 0 0
0 0 0 0 0 0
0 0 0 0 0 0
1 1 1 1 1 0 0 0
0 0 0 1 0 0
0 0 1 0 0 0
0 1 0 0 0 0
1 1 1 1 1 0
0 0 0 0 0 0 0 0

'{' [123]
0 0 0 0 1 0 
0 0 0 1 0 0 
0 0 0 1 0 0 
0 0 0 1 0 0 
0 0 1 0 0 0 0 0 
0 0 0 1 0 0 
0 0 0 1 0 0 
0 0 0 1 0 0 
0 0 0 0 1 0 
0 0 0 0 0 0 0 0 

'|' [124]
0 0 1 0 0 0 
0 0 1 0 0 0 
0 0 1 0 0 0 
0 0 1 0 0 0 
0 0 1 0 0 0 0 0 
0 0 1 0 0 0 
0 0 1 0 0 0 
0 0 1 0 0 0 
0 0 1 0 0 0 
0 0 0 0 0 0 0 0

'}' [125]
1 0 0 0 0 0 
0 1 0 0 0 0 
0 1 0 0 0 0 
0 1 0 0 0 0 
0 0 1 0 0 0 0 0 
0 1 0 0 0 0 
0 1 0 0 0 0 
0 1 0 0 0 0 
1 0 0 0 0 0 
0 0 0 0 0 0 0 0

'~' [126]
0 0 0 0 0 0
0 0 0 0 0 0
0 0 0 0 0 0
0 0 0 0 0 0
0 1 1 0 0 1 0 0
1 0 0 1 1 0
0 0 0 0 0 0
0 0 0 0 0 0
0 0 0 0 0 0
0 0 0 0 0 0 0 0

'pentagon (del)'	[127]
0 0 0 0 0 0
0 0 0 0 0 0
0 0 1 0 0 0
0 1 0 1 0 0
1 0 0 0 1 0 0 0
1 0 0 0 1 0
1 0 0 0 1 0
1 0 0 0 1 0
1 1 1 1 1 0
0 0 0 0 0 0 0 0

'euro'	[128]
0 0 1 1 1 0
0 1 0 0 0 0
0 1 0 0 0 0
1 1 1 1 1 0
0 1 0 0 0 0 0 0
1 1 1 1 1 0
0 1 0 0 0 0
0 1 0 0 0 0
0 0 1 1 1 0
0 0 0 0 0 0 0 0

''	[129]
0 0 0 0 0 0
0 0 0 0 0 0
0 0 0 0 0 0
0 0 0 0 0 0
0 0 0 0 0 0 0 0
0 0 0 0 0 0
0 0 0 0 0 0
0 0 0 0 0 0
0 0 0 0 0 0
0 0 0 0 0 0 0 0

''	[130]
0 0 0 0 0 0
0 0 0 0 0 0
0 0 0 0 0 0
0 0 0 0 0 0
0 0 0 0 0 0 0 0
0 0 0 0 0 0
0 0 0 0 0 0
0 0 0 0 0 0
0 0 0 0 0 0
0 0 0 0 0 0 0 0

''	[131]
0 0 0 0 0 0
0 0 0 0 0 0
0 0 0 0 0 0
0 0 0 0 0 0
0 0 0 0 0 0 0 0
0 0 0 0 0 0
0 0 0 0 0 0
0 0 0 0 0 0
0 0 0 0 0 0
0 0 0 0 0 0 0 0

''	[132]
0 0 0 0 0 0
0 0 0 0 0 0
0 0 0 0 0 0
0 0 0 0 0 0
0 0 0 0 0 0 0 0
0 0 0 0 0 0
0 0 0 0 0 0
0 0 0 0 0 0
0 0 0 0 0 0
0 0 0 0 0 0 0 0

''	[133]
0 0 0 0 0 0
0 0 0 0 0 0
0 0 0 0 0 0
0 0 0 0 0 0
0 0 0 0 0 0 0 0
0 0 0 0 0 0
0 0 0 0 0 0
0 0 0 0 0 0
0 0 0 0 0 0
0 0 0 0 0 0 0 0

''	[134]
0 0 0 0 0 0
0 0 0 0 0 0
0 0 0 0 0 0
0 0 0 0 0 0
0 0 0 0 0 0 0 0
0 0 0 0 0 0
0 0 0 0 0 0
0 0 0 0 0 0
0 0 0 0 0 0
0 0 0 0 0 0 0 0

''	[135]
0 0 0 0 0 0
0 0 0 0 0 0
0 0 0 0 0 0
0 0 0 0 0 0
0 0 0 0 0 0 0 0
0 0 0 0 0 0
0 0 0 0 0 0
0 0 0 0 0 0
0 0 0 0 0 0
0 0 0 0 0 0 0 0

''	[136]
0 0 0 0 0 0
0 0 0 0 0 0
0 0 0 0 0 0
0 0 0 0 0 0
0 0 0 0 0 0 0 0
0 0 0 0 0 0
0 0 0 0 0 0
0 0 0 0 0 0
0 0 0 0 0 0
0 0 0 0 0 0 0 0

''	[137]
0 0 0 0 0 0
0 0 0 0 0 0
0 0 0 0 0 0
0 0 0 0 0 0
0 0 0 0 0 0 0 0
0 0 0 0 0 0
0 0 0 0 0 0
0 0 0 0 0 0
0 0 0 0 0 0
0 0 0 0 0 0 0 0

''	[138]
0 0 0 0 0 0
0 0 0 0 0 0
0 0 0 0 0 0
0 0 0 0 0 0
0 0 0 0 0 0 0 0
0 0 0 0 0 0
0 0 0 0 0 0
0 0 0 0 0 0
0 0 0 0 0 0
0 0 0 0 0 0 0 0

''	[139]
0 0 0 0 0 0
0 0 0 0 0 0
0 0 0 0 0 0
0 0 0 0 0 0
0 0 0 0 0 0 0 0
0 0 0 0 0 0
0 0 0 0 0 0
0 0 0 0 0 0
0 0 0 0 0 0
0 0 0 0 0 0 0 0

''	[140]
0 0 0 0 0 0
0 0 0 0 0 0
0 0 0 0 0 0
0 0 0 0 0 0
0 0 0 0 0 0 0 0
0 0 0 0 0 0
0 0 0 0 0 0
0 0 0 0 0 0
0 0 0 0 0 0
0 0 0 0 0 0 0 0

''	[141]
0 0 0 0 0 0
0 0 0 0 0 0
0 0 0 0 0 0
0 0 0 0 0 0
0 0 0 0 0 0 0 0
0 0 0 0 0 0
0 0 0 0 0 0
0 0 0 0 0 0
0 0 0 0 0 0
0 0 0 0 0 0 0 0

''	[142]
0 0 0 0 0 0
0 0 0 0 0 0
0 0 0 0 0 0
0 0 0 0 0 0
0 0 0 0 0 0 0 0
0 0 0 0 0 0
0 0 0 0 0 0
0 0 0 0 0 0
0 0 0 0 0 0
0 0 0 0 0 0 0 0

''	[143]
0 0 0 0 0 0
0 0 0 0 0 0
0 0 0 0 0 0
0 0 0 0 0 0
0 0 0 0 0 0 0 0
0 0 0 0 0 0
0 0 0 0 0 0
0 0 0 0 0 0
0 0 0 0 0 0
0 0 0 0 0 0 0 0

''	[144]
0 0 0 0 0 0
0 0 0 0 0 0
0 0 0 0 0 0
0 0 0 0 0 0
0 0 0 0 0 0 0 0
0 0 0 0 0 0
0 0 0 0 0 0
0 0 0 0 0 0
0 0 0 0 0 0
0 0 0 0 0 0 0 0

''	[145]
0 0 0 0 0 0
0 0 0 0 0 0
0 0 0 0 0 0
0 0 0 0 0 0
0 0 0 0 0 0 0 0
0 0 0 0 0 0
0 0 0 0 0 0
0 0 0 0 0 0
0 0 0 0 0 0
0 0 0 0 0 0 0 0

''	[146]
0 0 0 0 0 0
0 0 0 0 0 0
0 0 0 0 0 0
0 0 0 0 0 0
0 0 0 0 0 0 0 0
0 0 0 0 0 0
0 0 0 0 0 0
0 0 0 0 0 0
0 0 0 0 0 0
0 0 0 0 0 0 0 0

''	[147]
0 0 0 0 0 0
0 0 0 0 0 0
0 0 0 0 0 0
0 0 0 0 0 0
0 0 0 0 0 0 0 0
0 0 0 0 0 0
0 0 0 0 0 0
0 0 0 0 0 0
0 0 0 0 0 0
0 0 0 0 0 0 0 0

''	[148]
0 0 0 0 0 0
0 0 0 0 0 0
0 0 0 0 0 0
0 0 0 0 0 0
0 0 0 0 0 0 0 0
0 0 0 0 0 0
0 0 0 0 0 0
0 0 0 0 0 0
0 0 0 0 0 0
0 0 0 0 0 0 0 0

''	[149]
0 0 0 0 0 0
0 0 0 0 0 0
0 0 0 0 0 0
0 0 0 0 0 0
0 0 0 0 0 0 0 0
0 0 0 0 0 0
0 0 0 0 0 0
0 0 0 0 0 0
0 0 0 0 0 0
0 0 0 0 0 0 0 0

''	[150]
0 0 0 0 0 0
0 0 0 0 0 0
0 0 0 0 0 0
0 0 0 0 0 0
0 0 0 0 0 0 0 0
0 0 0 0 0 0
0 0 0 0 0 0
0 0 0 0 0 0
0 0 0 0 0 0
0 0 0 0 0 0 0 0

''	[151]
0 0 0 0 0 0
0 0 0 0 0 0
0 0 0 0 0 0
0 0 0 0 0 0
0 0 0 0 0 0 0 0
0 0 0 0 0 0
0 0 0 0 0 0
0 0 0 0 0 0
0 0 0 0 0 0
0 0 0 0 0 0 0 0

''	[152]
0 0 0 0 0 0
0 0 0 0 0 0
0 0 0 0 0 0
0 0 0 0 0 0
0 0 0 0 0 0 0 0
0 0 0 0 0 0
0 0 0 0 0 0
0 0 0 0 0 0
0 0 0 0 0 0
0 0 0 0 0 0 0 0

''	[153]
0 0 0 0 0 0
0 0 0 0 0 0
0 0 0 0 0 0
0 0 0 0 0 0
0 0 0 0 0 0 0 0
0 0 0 0 0 0
0 0 0 0 0 0
0 0 0 0 0 0
0 0 0 0 0 0
0 0 0 0 0 0 0 0

''	[154]
0 0 0 0 0 0
0 0 0 0 0 0
0 0 0 0 0 0
0 0 0 0 0 0
0 0 0 0 0 0 0 0
0 0 0 0 0 0
0 0 0 0 0 0
0 0 0 0 0 0
0 0 0 0 0 0
0 0 0 0 0 0 0 0

''	[155]
0 0 0 0 0 0
0 0 0 0 0 0
0 0 0 0 0 0
0 0 0 0 0 0
0 0 0 0 0 0 0 0
0 0 0 0 0 0
0 0 0 0 0 0
0 0 0 0 0 0
0 0 0 0 0 0
0 0 0 0 0 0 0 0

''	[156]
0 0 0 0 0 0
0 0 0 0 0 0
0 0 0 0 0 0
0 0 0 0 0 0
0 0 0 0 0 0 0 0
0 0 0 0 0 0
0 0 0 0 0 0
0 0 0 0 0 0
0 0 0 0 0 0
0 0 0 0 0 0 0 0

''	[157]
0 0 0 0 0 0
0 0 0 0 0 0
0 0 0 0 0 0
0 0 0 0 0 0
0 0 0 0 0 0 0 0
0 0 0 0 0 0
0 0 0 0 0 0
0 0 0 0 0 0
0 0 0 0 0 0
0 0 0 0 0 0 0 0

''	[158]
0 0 0 0 0 0
0 0 0 0 0 0
0 0 0 0 0 0
0 0 0 0 0 0
0 0 0 0 0 0 0 0
0 0 0 0 0 0
0 0 0 0 0 0
0 0 0 0 0 0
0 0 0 0 0 0
0 0 0 0 0 0 0 0

''	[159]
0 0 0 0 0 0
0 0 0 0 0 0
0 0 0 0 0 0
0 0 0 0 0 0
0 0 0 0 0 0 0 0
0 0 0 0 0 0
0 0 0 0 0 0
0 0 0 0 0 0
0 0 0 0 0 0
0 0 0 0 0 0 0 0

''	[160]
0 0 0 0 0 0
0 0 0 0 0 0
0 0 0 0 0 0
0 0 0 0 0 0
0 0 0 0 0 0 0 0
0 0 0 0 0 0
0 0 0 0 0 0
0 0 0 0 0 0
0 0 0 0 0 0
0 0 0 0 0 0 0 0

'!^-1'	[161]
0 0 0 0 0 0
0 0 1 0 0 0
0 0 1 0 0 0
0 0 0 0 0 0
0 0 1 0 0 0 0 0
0 0 1 0 0 0
0 0 1 0 0 0
0 0 1 0 0 0
0 0 1 0 0 0
0 0 1 0 0 0 0 0

'cent'	[162]
0 0 0 0 0 0
0 0 0 0 0 0
0 0 1 0 0 0
0 1 1 1 0 0
1 0 1 0 0 0 0 0
1 0 1 0 0 0
1 0 1 0 0 0
0 1 1 1 0 0
0 0 1 0 0 0
0 0 0 0 0 0 0 0

'pound'	[163]
0 0 0 0 0 0
0 0 0 0 0 0
0 0 0 0 0 0
0 0 0 0 0 0
0 0 0 0 0 0 0 0
0 0 0 0 0 0
0 0 0 0 0 0
0 0 0 0 0 0
0 0 0 0 0 0
0 0 0 0 0 0 0 0

'currency sign'	[164]
0 0 0 0 0 0
0 0 0 0 0 0
0 0 0 0 0 0
0 0 0 0 0 0
0 0 0 0 0 0 0 0
0 0 0 0 0 0
0 0 0 0 0 0
0 0 0 0 0 0
0 0 0 0 0 0
0 0 0 0 0 0 0 0

'yen'	[165]
0 0 0 0 0 0
0 0 0 0 0 0
0 0 0 0 0 0
0 0 0 0 0 0
0 0 0 0 0 0 0 0
0 0 0 0 0 0
0 0 0 0 0 0
0 0 0 0 0 0
0 0 0 0 0 0
0 0 0 0 0 0 0 0

'divided |'	[166]
0 0 1 0 0 0
0 0 1 0 0 0
0 0 1 0 0 0
0 0 1 0 0 0
0 0 0 0 0 0 0 0
0 0 1 0 0 0
0 0 1 0 0 0
0 0 1 0 0 0
0 0 1 0 0 0
0 0 0 0 0 0 0 0

'section sign'	[167]
0 0 0 0 0 0
0 0 0 0 0 0
0 0 0 0 0 0
0 0 0 0 0 0
0 0 0 0 0 0 0 0
0 0 0 0 0 0
0 0 0 0 0 0
0 0 0 0 0 0
0 0 0 0 0 0
0 0 0 0 0 0 0 0

'¨'	[168]
0 0 0 0 0 0
1 0 0 0 1 0
0 0 0 0 0 0
0 0 0 0 0 0
0 0 0 0 0 0 0 0
0 0 0 0 0 0
0 0 0 0 0 0
0 0 0 0 0 0
0 0 0 0 0 0
0 0 0 0 0 0 0 0

'copyright'	[169]
0 0 0 0 0 0
0 0 0 0 0 0
0 0 0 0 0 0
0 0 0 0 0 0
0 0 0 0 0 0 0 0
0 0 0 0 0 0
0 0 0 0 0 0
0 0 0 0 0 0
0 0 0 0 0 0
0 0 0 0 0 0 0 0

'ª'	[170]
0 1 1 1 0 0
1 0 0 1 0 0
1 0 0 1 0 0
0 1 1 0 1 0
0 0 0 0 0 0 0 0
0 0 0 0 0 0
0 0 0 0 0 0
0 0 0 0 0 0
0 0 0 0 0 0
0 0 0 0 0 0 0 0

'<<'	[171]
0 0 0 0 0 0
0 0 0 0 0 0
0 0 0 0 0 0
0 1 0 0 1 0
1 0 0 1 0 0 0 0
0 1 0 0 1 0
0 0 0 0 0 0
0 0 0 0 0 0
0 0 0 0 0 0
0 0 0 0 0 0 0 0

'negation'	[172]
0 0 0 0 0 0
0 0 0 0 0 0
0 0 0 0 0 0
0 0 0 0 0 0
1 1 1 1 1 0 0 0
0 0 0 0 1 0
0 0 0 0 1 0
0 0 0 0 0 0
0 0 0 0 0 0
0 0 0 0 0 0 0 0

'soft hyphen'	[173]
0 0 0 0 0 0
0 0 0 0 0 0
0 0 0 0 0 0
0 0 0 0 0 0
0 0 0 0 0 0 0 0
0 0 0 0 0 0
0 0 0 0 0 0
0 0 0 0 0 0
0 0 0 0 0 0
0 0 0 0 0 0 0 0

'registered'	[174]
0 0 0 0 0 0
0 0 0 0 0 0
0 0 0 0 0 0
0 0 0 0 0 0
0 0 0 0 0 0 0 0
0 0 0 0 0 0
0 0 0 0 0 0
0 0 0 0 0 0
0 0 0 0 0 0
0 0 0 0 0 0 0 0

'macron'	[175]
1 1 1 1 1 0
0 0 0 0 0 0
0 0 0 0 0 0
0 0 0 0 0 0
0 0 0 0 0 0 0 0
0 0 0 0 0 0
0 0 0 0 0 0
0 0 0 0 0 0
0 0 0 0 0 0
0 0 0 0 0 0 0 0

'° (degree)'	[176]
0 1 0 0 0 0
1 0 1 0 0 0
0 1 0 0 0 0
0 0 0 0 0 0
0 0 0 0 0 0 0 0
0 0 0 0 0 0
0 0 0 0 0 0
0 0 0 0 0 0
0 0 0 0 0 0
0 0 0 0 0 0 0 0

'+-'	[177]
0 0 0 0 0 0
0 0 0 0 0 0
0 0 1 0 0 0
0 0 1 0 0 0
1 1 1 1 1 0 0 0
0 0 1 0 0 0
0 0 1 0 0 0
1 1 1 1 1 0
0 0 0 0 0 0
0 0 0 0 0 0 0 0

'²'	[178]
0 0 0 0 0 0
0 0 0 0 0 0
0 0 0 0 0 0
0 0 0 0 0 0
0 0 0 0 0 0 0 0
0 0 0 0 0 0
0 0 0 0 0 0
0 0 0 0 0 0
0 0 0 0 0 0
0 0 0 0 0 0 0 0

'³'	[179]
0 0 0 0 0 0
0 0 0 0 0 0
0 0 0 0 0 0
0 0 0 0 0 0
0 0 0 0 0 0 0 0
0 0 0 0 0 0
0 0 0 0 0 0
0 0 0 0 0 0
0 0 0 0 0 0
0 0 0 0 0 0 0 0

'´'	[180]
0 0 0 0 0 0
0 0 1 1 0 0
0 1 0 0 0 0
0 0 0 0 0 0
0 0 0 0 0 0 0 0
0 0 0 0 0 0
0 0 0 0 0 0
0 0 0 0 0 0
0 0 0 0 0 0
0 0 0 0 0 0 0 0

'mu'	[181]
0 0 0 0 0 0
0 0 0 0 0 0
0 0 0 0 0 0
0 0 0 0 0 0
1 0 0 0 1 0 0 0
1 0 0 0 1 0
1 0 0 0 1 0
1 1 1 1 0 0
1 0 0 0 0 0
1 0 0 0 0 0 0 0

'pilcrow'	[182]
0 0 0 0 0 0
0 0 0 0 0 0
0 0 0 0 0 0
0 0 0 0 0 0
0 0 0 0 0 0 0 0
0 0 0 0 0 0
0 0 0 0 0 0
0 0 0 0 0 0
0 0 0 0 0 0
0 0 0 0 0 0 0 0

'product sign (.)'	[183]
0 0 0 0 0 0
0 0 0 0 0 0
0 0 0 0 0 0
0 0 0 0 0 0
0 0 1 1 0 0 0 0
0 0 1 1 0 0
0 0 0 0 0 0
0 0 0 0 0 0
0 0 0 0 0 0
0 0 0 0 0 0 0 0

'cedilha'	[184]
0 0 0 0 0 0
0 0 0 0 0 0
0 0 0 0 0 0
0 0 0 0 0 0
0 0 0 0 0 0 0 0
0 0 0 0 0 0
0 0 0 0 0 0
0 0 0 0 0 0
0 0 1 0 0 0
0 1 1 0 0 0 0 0

'¹'	[185]
0 0 0 0 0 0
0 0 0 0 0 0
0 0 0 0 0 0
0 0 0 0 0 0
0 0 0 0 0 0 0 0
0 0 0 0 0 0
0 0 0 0 0 0
0 0 0 0 0 0
0 0 0 0 0 0
0 0 0 0 0 0 0 0

'°'	[186]
0 0 0 0 0 0
0 0 1 1 0 0
0 0 1 1 0 0
0 0 0 0 0 0
0 0 0 0 0 0 0 0
0 0 0 0 0 0
0 0 0 0 0 0
0 0 0 0 0 0
0 0 0 0 0 0
0 0 0 0 0 0 0 0

'>>'	[187]
0 0 0 0 0 0
0 0 0 0 0 0
0 0 0 0 0 0
1 0 0 1 0 0
0 1 0 0 1 0 0 0
1 0 0 1 0 0
0 0 0 0 0 0
0 0 0 0 0 0
0 0 0 0 0 0
0 0 0 0 0 0 0 0

'1/4'	[188]
0 0 0 0 0 0
0 0 0 0 0 0
0 0 0 0 0 0
0 0 0 0 0 0
0 0 0 0 0 0 0 0
0 0 0 0 0 0
0 0 0 0 0 0
0 0 0 0 0 0
0 0 0 0 0 0
0 0 0 0 0 0 0 0

'1/2'	[189]
0 0 0 0 0 0
0 0 0 0 0 0
0 0 0 0 0 0
0 0 0 0 0 0
0 0 0 0 0 0 0 0
0 0 0 0 0 0
0 0 0 0 0 0
0 0 0 0 0 0
0 0 0 0 0 0
0 0 0 0 0 0 0 0

'3/4'	[190]
0 0 0 0 0 0
0 0 0 0 0 0
0 0 0 0 0 0
0 0 0 0 0 0
0 0 0 0 0 0 0 0
0 0 0 0 0 0
0 0 0 0 0 0
0 0 0 0 0 0
0 0 0 0 0 0
0 0 0 0 0 0 0 0

'?^-1'	[191]
0 0 1 0 0 0
0 0 1 0 0 0
0 0 0 0 0 0
0 0 1 0 0 0
0 1 1 0 0 0 0 0
1 0 0 0 0 0
1 0 0 0 1 0
1 0 0 0 1 0
0 1 1 1 0 0
0 0 0 0 0 0 0 0

'A+`'	[192]
0 1 1 0 0 0
0 0 0 1 0 0
0 0 0 0 0 0
0 1 1 1 0 0
1 0 0 0 1 0 0 0
1 0 0 0 1 0
1 1 1 1 1 0
1 0 0 0 1 0
1 0 0 0 1 0
0 0 0 0 0 0 0 0

'A+´'	[193]
0 0 1 1 0 0
0 1 0 0 0 0
0 0 0 0 0 0
0 1 1 1 0 0
1 0 0 0 1 0 0 0
1 0 0 0 1 0
1 1 1 1 1 0
1 0 0 0 1 0
1 0 0 0 1 0
0 0 0 0 0 0 0 0

'A+^'	[194]
0 0 1 0 0 0
0 1 0 1 0 0
0 0 0 0 0 0
0 1 1 1 0 0
1 0 0 0 1 0 0 0
1 0 0 0 1 0
1 1 1 1 1 0
1 0 0 0 1 0
1 0 0 0 1 0
0 0 0 0 0 0 0 0

'A+~'	[195]
0 1 1 0 1 0
1 0 0 1 0 0
0 0 0 0 0 0
0 1 1 1 0 0
1 0 0 0 1 0 0 0
1 0 0 0 1 0
1 1 1 1 1 0
1 0 0 0 1 0
1 0 0 0 1 0
0 0 0 0 0 0 0 0

'A+¨'	[196]
1 0 0 0 1 0
0 0 0 0 0 0
0 0 0 0 0 0
0 1 1 1 0 0
1 0 0 0 1 0 0 0
1 0 0 0 1 0
1 1 1 1 1 0
1 0 0 0 1 0
1 0 0 0 1 0
0 0 0 0 0 0 0 0

'A+°'	[197]
0 1 1 0 0 0
0 1 1 0 0 0
0 0 0 0 0 0
0 1 1 1 0 0
1 0 0 0 1 0 0 0
1 0 0 0 1 0
1 1 1 1 1 0
1 0 0 0 1 0
1 0 0 0 1 0
0 0 0 0 0 0 0 0

'AE'	[198]
0 0 0 0 0 0
0 1 1 1 1 1
1 0 0 1 0 0
1 0 0 1 0 0
1 1 1 1 1 0 0 0
1 0 0 1 0 0
1 0 0 1 0 0
1 0 0 1 0 0
1 0 0 1 1 1
0 0 0 0 0 0 0 0

'Ç'	[199]
0 0 0 0 0 0
0 1 1 1 0 0
1 0 0 0 1 0
1 0 0 0 0 0
1 0 0 0 0 0 0 0
1 0 0 0 0 0
1 0 0 0 1 0
0 1 1 1 0 0
0 0 1 0 0 0
0 1 1 0 0 0 0 0

'E+`'	[200]
0 1 1 0 0 0
0 0 0 1 0 0
0 0 0 0 0 0
1 1 1 1 1 0
1 0 0 0 0 0 0 0
1 1 1 1 0 0
1 0 0 0 0 0
1 0 0 0 0 0
1 1 1 1 1 0
0 0 0 0 0 0 0 0

'E+´'	[201]
0 0 1 1 0 0
0 1 0 0 0 0
0 0 0 0 0 0
1 1 1 1 1 0
1 0 0 0 0 0 0 0
1 1 1 1 0 0
1 0 0 0 0 0
1 0 0 0 0 0
1 1 1 1 1 0
0 0 0 0 0 0 0 0

'E+^'	[202]
0 0 1 0 0 0
0 1 0 1 0 0
0 0 0 0 0 0
1 1 1 1 1 0
1 0 0 0 0 0 0 0
1 1 1 1 0 0
1 0 0 0 0 0
1 0 0 0 0 0
1 1 1 1 1 0
0 0 0 0 0 0 0 0

'E+¨'	[203]
1 0 0 0 1 0
0 0 0 0 0 0
0 0 0 0 0 0
1 1 1 1 1 0
1 0 0 0 0 0 0 0
1 1 1 1 0 0
1 0 0 0 0 0
1 0 0 0 0 0
1 1 1 1 1 0
0 0 0 0 0 0 0 0

'I+`'	[204]
0 1 1 0 0 0
0 0 0 1 0 0
0 0 0 0 0 0
1 1 1 1 1 0
0 0 1 0 0 0 0 0
0 0 1 0 0 0
0 0 1 0 0 0
0 0 1 0 0 0
1 1 1 1 1 0
0 0 0 0 0 0 0 0

'I+´'	[205]
0 0 1 1 0 0
0 1 0 0 0 0
0 0 0 0 0 0
1 1 1 1 1 0
0 0 1 0 0 0 0 0
0 0 1 0 0 0
0 0 1 0 0 0
0 0 1 0 0 0
1 1 1 1 1 0
0 0 0 0 0 0 0 0

'I+^'	[206]
0 0 1 0 0 0
0 1 0 1 0 0
0 0 0 0 0 0
1 1 1 1 1 0
0 0 1 0 0 0 0 0
0 0 1 0 0 0
0 0 1 0 0 0
0 0 1 0 0 0
1 1 1 1 1 0
0 0 0 0 0 0 0 0

'I+¨'	[207]
1 0 0 0 1 0
0 0 0 0 0 0
0 0 0 0 0 0
1 1 1 1 1 0
0 0 1 0 0 0 0 0
0 0 1 0 0 0
0 0 1 0 0 0
0 0 1 0 0 0
1 1 1 1 1 0
0 0 0 0 0 0 0 0

'eth majuscule'	[208]
0 0 0 0 0 0
0 1 1 1 0 0
0 1 0 0 1 0
0 1 0 0 1 0
1 1 1 0 1 0 0 0
0 1 0 0 1 0
0 1 0 0 1 0
0 1 0 0 1 0
0 1 1 1 0 0
0 0 0 0 0 0 0 0

'N+~'	[209]
0 1 1 0 1 0
1 0 0 1 0 0
0 0 0 0 0 0
1 1 0 0 1 0
1 1 0 0 1 0 0 0
1 0 1 0 1 0
1 0 0 1 1 0
1 0 0 1 1 0
1 0 0 0 1 0
0 0 0 0 0 0 0 0

'O+`'	[210]
0 1 1 0 0 0
0 0 0 1 0 0
0 0 0 0 0 0
0 1 1 1 0 0
1 0 0 0 1 0 0 0
1 0 0 0 1 0
1 0 0 0 1 0
1 0 0 0 1 0
0 1 1 1 0 0
0 0 0 0 0 0 0 0

'O+´'	[211]
0 0 1 1 0 0
0 1 0 0 0 0
0 0 0 0 0 0
0 1 1 1 0 0
1 0 0 0 1 0 0 0
1 0 0 0 1 0
1 0 0 0 1 0
1 0 0 0 1 0
0 1 1 1 0 0
0 0 0 0 0 0 0 0

'O+^'	[212]
0 0 1 0 0 0
0 1 0 1 0 0
0 0 0 0 0 0
0 1 1 1 0 0
1 0 0 0 1 0 0 0
1 0 0 0 1 0
1 0 0 0 1 0
1 0 0 0 1 0
0 1 1 1 0 0
0 0 0 0 0 0 0 0

'O+~'	[213]
0 1 1 0 1 0
1 0 0 1 0 0
0 0 0 0 0 0
0 1 1 1 0 0
1 0 0 0 1 0 0 0
1 0 0 0 1 0
1 0 0 0 1 0
1 0 0 0 1 0
0 1 1 1 0 0
0 0 0 0 0 0 0 0

'O+¨'	[214]
1 0 0 0 1 0
0 0 0 0 0 0
0 0 0 0 0 0
0 1 1 1 0 0
1 0 0 0 1 0 0 0
1 0 0 0 1 0
1 0 0 0 1 0
1 0 0 0 1 0
0 1 1 1 0 0
0 0 0 0 0 0 0 0

'product sign (x)'	[215]
0 0 0 0 0 0
1 0 0 0 0 1
0 1 0 0 1 0
0 0 1 1 0 0
0 0 1 1 0 0 0 0
0 1 0 0 1 0
1 0 0 0 0 1
0 0 0 0 0 0
0 0 0 0 0 0
0 0 0 0 0 0 0 0

'cut o majuscule'	[216]
0 0 0 0 1 0
0 1 1 1 0 0
1 0 0 1 1 0
1 0 1 0 1 0
1 0 1 0 1 0 0 0
1 0 1 0 1 0
1 1 0 0 1 0
1 1 0 0 1 0
0 1 1 1 0 0
1 0 0 0 0 0 0 0

'U+`'	[217]
0 1 1 0 0 0
0 0 0 1 0 0
0 0 0 0 0 0
1 0 0 0 1 0
1 0 0 0 1 0 0 0
1 0 0 0 1 0
1 0 0 0 1 0
1 0 0 0 1 0
0 1 1 1 0 0
0 0 0 0 0 0 0 0

'U+´'	[218]
0 0 1 1 0 0
0 1 0 0 0 0
0 0 0 0 0 0
1 0 0 0 1 0
1 0 0 0 1 0 0 0
1 0 0 0 1 0
1 0 0 0 1 0
1 0 0 0 1 0
0 1 1 1 0 0
0 0 0 0 0 0 0 0

'U+^'	[219]
0 0 1 0 0 0
0 1 0 1 0 0
0 0 0 0 0 0
1 0 0 0 1 0
1 0 0 0 1 0 0 0
1 0 0 0 1 0
1 0 0 0 1 0
1 0 0 0 1 0
0 1 1 1 0 0
0 0 0 0 0 0 0 0

'U+¨'	[220]
1 0 0 0 1 0
0 0 0 0 0 0
0 0 0 0 0 0
1 0 0 0 1 0
1 0 0 0 1 0 0 0
1 0 0 0 1 0
1 0 0 0 1 0
1 0 0 0 1 0
0 1 1 1 0 0
0 0 0 0 0 0 0 0

'Y+´'	[221]
0 0 1 1 0 0
0 1 0 0 0 0
0 0 0 0 0 0
1 0 0 0 1 0
1 0 0 0 1 0 0 0
0 1 0 1 0 0
0 1 0 1 0 0
0 0 1 0 0 0
0 0 1 0 0 0
0 0 0 0 0 0 0 0

'thorn majuscule'	[222]
0 0 0 0 0 0
1 0 0 0 0 0
1 0 0 0 0 0
1 1 1 1 0 0
1 0 0 0 1 0 0 0
1 0 0 0 1 0
1 1 1 1 0 0
1 0 0 0 0 0
1 0 0 0 0 0
0 0 0 0 0 0 0 0

'scharfes S'	[223]
0 0 0 0 0 0
0 0 0 0 0 0
1 1 1 0 0 0
1 0 0 1 0 0
1 0 1 0 0 0 0 0
1 0 1 0 0 0
1 0 0 1 0 0
1 1 0 0 1 0
1 0 1 1 0 0
0 0 0 0 0 0 0 0

'a+`'	[224]
0 0 0 0 0 0
0 1 1 0 0 0
0 0 0 1 0 0
0 0 0 0 0 0
0 1 1 1 1 0 0 0
1 0 0 0 1 0
1 0 0 0 1 0
1 0 0 1 1 0
0 1 1 0 1 0
0 0 0 0 0 0 0 0

'a+´'	[225]
0 0 0 0 0 0
0 0 1 1 0 0
0 1 0 0 0 0
0 0 0 0 0 0
0 1 1 1 1 0 0 0
1 0 0 0 1 0
1 0 0 0 1 0
1 0 0 1 1 0
0 1 1 0 1 0
0 0 0 0 0 0 0 0

'a+^'	[226]
0 0 0 0 0 0
0 0 1 0 0 0
0 1 0 1 0 0
0 0 0 0 0 0
0 1 1 1 1 0 0 0
1 0 0 0 1 0
1 0 0 0 1 0
1 0 0 1 1 0
0 1 1 0 1 0
0 0 0 0 0 0 0 0

'a+~'	[227]
0 0 0 0 0 0
0 1 1 0 1 0
1 0 0 1 0 0
0 0 0 0 0 0
0 1 1 1 1 0 0 0
1 0 0 0 1 0
1 0 0 0 1 0
1 0 0 1 1 0
0 1 1 0 1 0
0 0 0 0 0 0 0 0

'a+¨'	[228]
0 0 0 0 0 0
1 0 0 0 1 0
0 0 0 0 0 0
0 0 0 0 0 0
0 1 1 1 1 0 0 0
1 0 0 0 1 0
1 0 0 0 1 0
1 0 0 1 1 0
0 1 1 0 1 0
0 0 0 0 0 0 0 0

'a+°'	[229]
0 0 0 0 0 0
0 0 1 1 0 0
0 0 1 1 0 0
0 0 0 0 0 0
0 1 1 1 1 0 0 0
1 0 0 0 1 0
1 0 0 0 1 0
1 0 0 1 1 0
0 1 1 0 1 0
0 0 0 0 0 0 0 0

'ae'	[230]
0 0 0 0 0 0
0 0 0 0 0 0
0 0 0 0 0 0
0 0 0 0 0 0
0 1 1 1 1 0 0 0
1 0 0 1 0 1
1 0 0 1 1 1
1 0 0 1 0 0
0 1 1 1 1 1
0 0 0 0 0 0 0 0

'ç'	[231]
0 0 0 0 0 0
0 0 0 0 0 0
0 0 0 0 0 0
0 0 0 0 0 0
0 1 1 1 1 0 0 0
1 0 0 0 0 0
1 0 0 0 0 0
0 1 1 1 1 0
0 0 1 0 0 0
0 1 1 0 0 0 0 0

'e+`'	[232]
0 0 0 0 0 0
0 1 1 0 0 0
0 0 0 1 0 0
0 0 0 0 0 0
0 1 1 1 0 0 0 0
1 0 0 0 1 0
1 1 1 1 1 0
1 0 0 0 0 0
0 1 1 1 1 0
0 0 0 0 0 0 0 0

'e+´'	[233]
0 0 0 0 0 0
0 0 1 1 0 0
0 1 0 0 0 0
0 0 0 0 0 0
0 1 1 1 0 0 0 0
1 0 0 0 1 0
1 1 1 1 1 0
1 0 0 0 0 0
0 1 1 1 1 0
0 0 0 0 0 0 0 0

'e+^'	[234]
0 0 0 0 0 0
0 0 1 0 0 0
0 1 0 1 0 0
0 0 0 0 0 0
0 1 1 1 0 0 0 0
1 0 0 0 1 0
1 1 1 1 1 0
1 0 0 0 0 0
0 1 1 1 1 0
0 0 0 0 0 0 0 0

'e+¨'	[235]
0 0 0 0 0 0
1 0 0 0 1 0
0 0 0 0 0 0
0 0 0 0 0 0
0 1 1 1 0 0 0 0
1 0 0 0 1 0
1 1 1 1 1 0
1 0 0 0 0 0
0 1 1 1 1 0
0 0 0 0 0 0 0 0

'i+`'	[236]
0 0 0 0 0 0
0 1 1 0 0 0
0 0 0 1 0 0
0 0 0 0 0 0
0 1 1 0 0 0 0 0
0 0 1 0 0 0
0 0 1 0 0 0
0 0 1 0 0 0
0 1 1 1 0 0
0 0 0 0 0 0 0 0

'i+´'	[237]
0 0 0 0 0 0
0 0 1 1 0 0
0 1 0 0 0 0
0 0 0 0 0 0
0 1 1 0 0 0 0 0
0 0 1 0 0 0
0 0 1 0 0 0
0 0 1 0 0 0
0 1 1 1 0 0
0 0 0 0 0 0 0 0

'i+^'	[238]
0 0 0 0 0 0
0 0 1 0 0 0
0 1 0 1 0 0
0 0 0 0 0 0
0 1 1 0 0 0 0 0
0 0 1 0 0 0
0 0 1 0 0 0
0 0 1 0 0 0
0 1 1 1 0 0
0 0 0 0 0 0 0 0

'i+¨'	[239]
0 0 0 0 0 0
1 0 0 0 1 0
0 0 0 0 0 0
0 0 0 0 0 0
0 1 1 0 0 0 0 0
0 0 1 0 0 0
0 0 1 0 0 0
0 0 1 0 0 0
0 1 1 1 0 0
0 0 0 0 0 0 0 0

'eth'	[240]
0 0 0 0 0 0
0 0 1 0 1 0
0 0 0 1 0 0
0 0 1 0 1 0
0 0 0 0 1 0 0 0
0 1 1 1 1 0
1 0 0 0 1 0
1 0 0 0 1 0
0 1 1 1 0 0
0 0 0 0 0 0 0 0

'n+~'	[241]
0 0 0 0 0 0
0 1 1 0 1 0
1 0 0 1 0 0
0 0 0 0 0 0
1 1 1 0 0 0 0 0
1 0 0 1 0 0
1 0 0 1 0 0
1 0 0 1 0 0
1 0 0 1 0 0
0 0 0 0 0 0 0 0

'o+`'	[242]
0 0 0 0 0 0
0 1 1 0 0 0
0 0 0 1 0 0
0 0 0 0 0 0
0 1 1 1 0 0 0 0
1 0 0 0 1 0
1 0 0 0 1 0
1 0 0 0 1 0
0 1 1 1 0 0
0 0 0 0 0 0 0 0

'o+´'	[243]
0 0 0 0 0 0
0 0 1 1 0 0
0 1 0 0 0 0
0 0 0 0 0 0
0 1 1 1 0 0 0 0
1 0 0 0 1 0
1 0 0 0 1 0
1 0 0 0 1 0
0 1 1 1 0 0
0 0 0 0 0 0 0 0

'o+^'	[244]
0 0 0 0 0 0
0 0 1 0 0 0
0 1 0 1 0 0
0 0 0 0 0 0
0 1 1 1 0 0 0 0
1 0 0 0 1 0
1 0 0 0 1 0
1 0 0 0 1 0
0 1 1 1 0 0
0 0 0 0 0 0 0 0

'o+~'	[245]
0 0 0 0 0 0
0 1 1 0 1 0
1 0 0 1 0 0
0 0 0 0 0 0
0 1 1 1 0 0 0 0
1 0 0 0 1 0
1 0 0 0 1 0
1 0 0 0 1 0
0 1 1 1 0 0
0 0 0 0 0 0 0 0

'o+¨'	[246]
0 0 0 0 0 0
1 0 0 0 1 0
0 0 0 0 0 0
0 0 0 0 0 0
0 1 1 1 0 0 0 0
1 0 0 0 1 0
1 0 0 0 1 0
1 0 0 0 1 0
0 1 1 1 0 0
0 0 0 0 0 0 0 0

'div sign'	[247]
0 0 0 0 0 0
0 0 0 0 0 0
0 0 0 0 0 0
0 0 1 0 0 0
0 0 0 0 0 0 0 0
1 1 1 1 1 0
0 0 0 0 0 0
0 0 1 0 0 0
0 0 0 0 0 0
0 0 0 0 0 0 0 0

'cut o'	[248]
0 0 0 0 0 0
0 0 0 0 0 0
0 0 0 0 0 0
0 0 0 0 1 0
0 1 1 1 0 0 0 0
1 0 0 1 1 0
1 0 1 0 1 0
1 1 0 0 1 0
0 1 1 1 0 0
1 0 0 0 0 0 0 0

'u+`'	[249]
0 0 0 0 0 0
0 1 1 0 0 0
0 0 0 1 0 0
0 0 0 0 0 0
1 0 0 1 0 0 0 0
1 0 0 1 0 0
1 0 0 1 0 0
1 0 0 1 0 0
0 1 1 0 1 0
0 0 0 0 0 0 0 0

'u+´'	[250]
0 0 0 0 0 0
0 0 1 1 0 0
0 1 0 0 0 0
0 0 0 0 0 0
1 0 0 1 0 0 0 0
1 0 0 1 0 0
1 0 0 1 0 0
1 0 0 1 0 0
0 1 1 0 1 0
0 0 0 0 0 0 0 0

'u+^'	[251]
0 0 0 0 0 0
0 0 1 0 0 0
0 1 0 1 0 0
0 0 0 0 0 0
1 0 0 1 0 0 0 0
1 0 0 1 0 0
1 0 0 1 0 0
1 0 0 1 0 0
0 1 1 0 1 0
0 0 0 0 0 0 0 0

'u+¨'	[252]
0 0 0 0 0 0
1 0 0 1 0 0
0 0 0 0 0 0
0 0 0 0 0 0
1 0 0 1 0 0 0 0
1 0 0 1 0 0
1 0 0 1 0 0
1 0 0 1 0 0
0 1 1 0 1 0
0 0 0 0 0 0 0 0

'y+´'	[253]
0 0 0 0 0 0
0 0 1 1 0 0
0 1 0 0 0 0
0 0 0 0 0 0
1 0 0 0 1 0 0 0
1 0 0 0 1 0
1 0 0 0 1 0
0 1 1 1 1 0
0 0 0 0 1 0
1 1 1 1 0 0 0 0

'thorn'	[254]
0 0 0 0 0 0
0 0 0 0 0 0
1 0 0 0 0 0
1 0 1 1 0 0
1 1 0 0 1 0 0 0
1 0 0 0 1 0
1 1 0 0 1 0
1 0 1 1 0 0
1 0 0 0 0 0
0 0 0 0 0 0 0 0

'y+¨'	[255]
0 0 0 0 0 0
1 0 0 0 1 0
0 0 0 0 0 0
0 0 0 0 0 0
1 0 0 0 1 0 0 0
1 0 0 0 1 0
1 0 0 0 1 0
0 1 1 1 1 0
0 0 0 0 1 0
1 1 1 1 0 0 0 0
